2.563215818776958810e-01
4.158767060830528828e-01
2.742016250647532072e-01
-2.594902012359972421e+00
-4.790845982720233764e-01
9.751700159862547679e+00
-2.543628326103007264e+00
-4.744456958262872615e-01
8.910028748320289793e+00
-2.441734944944940366e+00
-4.543657279892854284e-01
4.765036946315671429e+00
-2.315775538082864404e+00
-4.510479767826067743e-01
3.756029868554062290e+00
5.326206094132830459e-19
9.319059662968124043e-19
2.000000000000000111e-01
2.847760354638286185e-19
5.144825998066251148e-19
-1.444771833714925373e-20
2.378995895315659313e-19
-3.867338755563755656e-20
-8.156461262859238116e-19
2.032383919630779445e-21
-3.303885975358607464e-22
-6.968091325516384806e-21
-3.382088014117243246e-02
-6.353159120110169790e-03
9.083234987384140521e-03
4.758165437975604796e-19
-7.734959790353365289e-20
-1.631351788296196063e-18
-3.171342549401904964e+00
2.334407511684996883e-01
2.432096130020257874e-01
-1.444836917951779383e-04
-2.714086321295323945e-05
2.000388038190872297e-01
-2.399362575482494098e+00
-4.558653594980270896e-01
9.477806713300953589e+00
-2.365191513116657429e+00
-4.513774940635757460e-01
8.684658923998934910e+00
-2.273668938439926901e+00
-4.321609203383663944e-01
4.832419024644775796e+00
-2.183422192116869720e+00
-4.293045745860390450e-01
3.886638846749862708e+00
-6.533693421600750284e-02
-1.239792732460645412e-02
1.713683685042761279e-02
-2.709611803323110080e-02
1.994530057860250880e-03
2.077995791502836812e-03
-3.100843276334800169e+00
1.719870458156239068e-01
1.371131616053162250e-01
-5.680884894510092493e-04
-1.072459987400574606e-04
2.001508166564960611e-01
-2.228921947150630078e+00
-4.526467520884805418e-01
9.243593995636658178e+00
-2.206082506252212472e+00
-4.473712370974459729e-01
8.457875418840629322e+00
-2.126379253601000663e+00
-4.229261100761279590e-01
4.917486941761980646e+00
-2.058616124943729364e+00
-4.192655459535724605e-01
3.998638158228950523e+00
-9.479679461699076770e-02
-1.835213310454361646e-02
2.428843042422567516e-02
-5.358988655432729564e-02
3.463996413829606002e-03
3.249497903667441286e-03
-3.031361422964684138e+00
1.140022341908872167e-01
3.051088620283056926e-02
-1.252184001635855016e-03
-2.386110674106401222e-04
2.003277864891931936e-01
-2.077745072502091173e+00
-4.579359670024202855e-01
9.034215037242137925e+00
-2.063908488545733277e+00
-4.513059685310570335e-01
8.241390883684893254e+00
-1.994541487762169885e+00
-4.195392226540061720e-01
5.012376802842159584e+00
-1.943532425292647359e+00
-4.145025099442197214e-01
4.105700016982754441e+00
-1.224102108695470231e-01
-2.431000948512103757e-02
3.067477925429536179e-02
-7.948999845195085789e-02
4.438037479550648902e-03
3.510184549509659090e-03
-2.961172715050732762e+00
5.845201630484088418e-02
-7.567471116129702302e-02
-2.180098056656643458e-03
-4.208648650747489912e-04
2.005625907682862530e-01
-1.942205310464652834e+00
-4.681094179555754797e-01
8.843685453965122178e+00
-1.935859278973383946e+00
-4.596549884242882578e-01
8.037517612658136912e+00
-1.875273533788287983e+00
-4.197619667226564211e-01
5.115755767973610091e+00
-1.837621256793956048e+00
-4.129817364120051959e-01
4.213384867093500574e+00
-1.483532048352950161e-01
-3.032675241547090617e-02
3.643454542048171763e-02
-1.047904143240845493e-01
4.937454552603726642e-03
2.863615848167834488e-03
-2.889819522071759295e+00
4.591956111293710695e-03
-1.811318771330598654e-01
-3.336806508355002511e-03
-6.542745520990199751e-04
2.008492835704250301e-01
-1.819901806647973963e+00
-4.825005400272111000e-01
8.669491836831248577e+00
-1.819563766355239753e+00
-4.717150495227006024e-01
7.845099495223830210e+00
-1.766744966153091401e+00
-4.233365236794997544e-01
5.228348186279541565e+00
-1.739629913144405071e+00
-4.144620336492448320e-01
4.323581321303100466e+00
-1.727749526597078811e-01
-3.645117092465996467e-02
4.170278009244649670e-02
-1.294811847489301670e-01
4.976688429643949703e-03
1.316015555895138538e-03
-2.817323332350597731e+00
-4.810557822985253584e-02
-2.858179656224341669e-01
-4.708674465033209355e-03
-9.395516008581020467e-04
2.011830882824824085e-01
-1.709217144014981926e+00
-5.024481672183179759e-01
8.511444181547982879e+00
-1.712972561419259021e+00
-4.886573855324207183e-01
7.660501220364086095e+00
-1.667665265148271292e+00
-4.315297661083031255e-01
5.352478510327725481e+00
-1.647862767573021969e+00
-4.200779110258897608e-01
4.435548179097204446e+00
-1.958018932423425118e-01
-4.274885949702371402e-02
4.660687192534537782e-02
-1.535525439016654503e-01
4.565671793009412789e-03
-1.126028200647247353e-03
-2.744056130377960034e+00
-1.000444852703293169e-01
-3.898446951441162933e-01
-6.283244469737099373e-03
-1.277896218551183814e-03
2.015603494411833396e-01
-1.609051610724735237e+00
-5.325444488179760238e-01
8.372927639276330325e+00
-1.613538559283164142e+00
-5.146457103514981979e-01
7.475686760951215426e+00
-1.577302609798721056e+00
-4.483278132882120848e-01
5.493856370864736327e+00
-1.560109748924182638e+00
-4.334170712534123893e-01
4.544524466881127545e+00
-2.175379477976480680e-01
-4.934122123113793973e-02
5.126155680721349028e-02
-1.769979042123671908e-01
3.710886394423949276e-03
-4.456881823797962348e-03
-2.671031770654645143e+00
-1.515823389388998577e-01
-4.935254440138647225e-01
-8.049043170000245301e-03
-1.671307470981113182e-03
2.019784459456836212e-01
-1.518569986413500494e+00
-5.856487137268624465e-01
8.266579968033587633e+00
-1.516834766354767883e+00
-5.615032707791690614e-01
7.270799132987105118e+00
-1.495825342948464032e+00
-4.852750072201658105e-01
5.667742688801849837e+00
-1.472912119302349554e+00
-4.649575194512747811e-01
4.635316553277796459e+00
-2.380578079954139559e-01
-5.650927877683820100e-02
5.575712804458130001e-02
-1.998193405374589782e-01
2.415758855057908213e-03
-8.673589237028440924e-03
-2.601714962051388635e+00
-2.046440545525186061e-01
-5.976552990972583412e-01
-9.995360252313173835e-03
-2.123503597357254483e-03
2.024356325852624816e-01
-2.051017870066698112e+00
-4.557121355172604749e-01
7.133476970237838444e+00
-1.015273400472532117e+00
-4.595295196409189264e-01
8.159685918696792939e+00
-1.947782676341854868e+00
8.248775157606232922e-01
4.711409182866230339e+00
-9.902503950485264106e-01
8.474668720622083873e-01
5.570952327218265054e+00
-2.585782906086367960e-01
-5.392179140143776861e-02
5.934732480725182779e-02
-2.220485303890497863e-01
6.672692182281965379e-04
-1.377998762799551025e-02
-2.304917412857087289e+00
-2.095510493028828747e-01
-2.694158737241205692e+00
-1.211700276118372714e-02
-2.595268040289687786e-03
2.029273618386183142e-01
-1.954388060725216647e+00
-5.003099437993301368e-01
7.040256845399590624e+00
-9.541712191934113019e-01
-5.009042210772344239e-01
7.975436520953929076e+00
-1.875322752793359138e+00
7.962685018255050151e-01
4.875529609611550796e+00
-9.275998652010047918e-01
8.091596046496348782e-01
5.685047876537630884e+00
-2.780979498277277862e-01
-5.185681940067844720e-02
6.294007266686141300e-02
-2.417418663148025726e-01
-1.123146017663979217e-03
-3.679902185756743493e-02
-2.231152054271530627e+00
-2.577200367919431634e-01
-2.818528074912552306e+00
-1.440969781156509373e-02
-3.047157054158113314e-03
2.034497768204897306e-01
-1.865076317115205606e+00
-5.251928811480498505e-01
6.929448936677925275e+00
-8.994531633339893917e-01
-5.231850380306247716e-01
7.824250797767898113e+00
-1.806914817849891053e+00
7.826579859592397437e-01
5.023395478086844612e+00
-8.733838465864609546e-01
7.898807034072437006e-01
5.827351962395113105e+00
-2.967062885750669787e-01
-5.006543850229468878e-02
6.662911641725159650e-02
-2.608049471264797248e-01
-3.325119624436519931e-03
-6.088067426690432077e-02
-2.151231175989265054e+00
-3.064625146540556622e-01
-2.934612028203811285e+00
-1.686527667446919426e-02
-3.482571626825951665e-03
2.040032998078532278e-01
-1.783306980442492584e+00
-5.424185755970077905e-01
6.815639569708831225e+00
-8.499387136438301127e-01
-5.383365754680636828e-01
7.689321075836145880e+00
-1.743963969387770430e+00
7.748745492229124343e-01
5.169117384308563601e+00
-8.257015054586309688e-01
7.779461795771933641e-01
5.983518599422414042e+00
-3.144878476875893059e-01
-4.845209903464325896e-02
7.049980466555691438e-02
-2.791851797414183212e-01
-5.943551535476537286e-03
-8.595415409559940823e-02
-2.067823269190919522e+00
-3.552152382873011716e-01
-3.044674479264017020e+00
-1.947631414043509909e-02
-3.903441144387675543e-03
2.045891181694149408e-01
-1.708576673638218635e+00
-5.564202224352040593e-01
6.703375290149754306e+00
-8.045846600831767503e-01
-5.505661345008583396e-01
7.563778245451142190e+00
-1.686533921636198752e+00
7.695199977586447693e-01
5.317866796619352243e+00
-7.835729977317937855e-01
7.690019378011029305e-01
6.148436756400680991e+00
-3.315187513779106476e-01
-4.697727559356754123e-02
7.462975493494759804e-02
-2.968527708057742132e-01
-8.978529290927404413e-03
-1.119680133109498404e-01
-1.981946078096809671e+00
-4.037998857101347538e-01
-3.149262404781298041e+00
-2.223607136532982850e-02
-4.311117948656024122e-03
2.052091154694864195e-01
-1.640283326034094324e+00
-5.691633450430721997e-01
6.594124474877069986e+00
-7.626840245794868078e-01
-5.616977572035842803e-01
7.443964782091533117e+00
-1.634385445004539417e+00
7.649591621679894260e-01
5.471986892542807013e+00
-7.463078203283913803e-01
7.610069328457187421e-01
6.319784379288308607e+00
-3.478674725604244400e-01
-4.562695795337352173e-02
7.908917527177533602e-02
-3.137866226246719403e-01
-1.242861683856583653e-02
-1.388754772783893643e-01
-1.894102061202149301e+00
-4.521122749195862212e-01
-3.248436143114012520e+00
-2.513842722775765787e-02
-4.706725675822939423e-03
2.058658067871101949e-01
-1.577961440249241898e+00
-5.820383490397216253e-01
6.488849919617858397e+00
-7.237891214898315440e-01
-5.729865186984015590e-01
7.327063803745231141e+00
-1.587311320319023444e+00
7.598522462180018477e-01
5.633175643862739612e+00
-7.133917349437187694e-01
7.523656041845016018e-01
6.495649206700204736e+00
-3.635968975737995934e-01
-4.440620905469176011e-02
8.394120480521445604e-02
-3.299699305333004262e-01
-1.629148798964019651e-02
-1.666302868980935326e-01
-1.804616414542099978e+00
-5.000164104544948529e-01
-3.342163269715069607e+00
-2.817782177651235315e-02
-5.091349739040153949e-03
2.065622768639790996e-01
-1.521565305916217081e+00
-5.970615887371306663e-01
6.389782820592472490e+00
-6.876789259269736609e-01
-5.861708316126199581e-01
7.209673959379886199e+00
-1.545369856340340853e+00
7.521042804988645747e-01
5.803966164524918092e+00
-6.844827676376322723e-01
7.406569557436004647e-01
6.672914323813871285e+00
-3.787680316986785090e-01
-4.334835803679646521e-02
8.924298831516568054e-02
-3.453886683586526729e-01
-2.056365460299765247e-02
-1.951859060335138230e-01
-1.713758212491519828e+00
-5.472564584603814009e-01
-3.430476147752270499e+00
-3.134922432864847841e-02
-5.466239563435524272e-03
2.073021242978175249e-01
-1.472126367118746337e+00
-6.187857196580717201e-01
6.303526914426142547e+00
-6.543830651017246147e-01
-6.050815553501432964e-01
7.085650125450695391e+00
-1.509335501837265392e+00
7.368719724111703062e-01
5.990270346174186855e+00
-6.595293543328700769e-01
7.204481135250506707e-01
6.844465619903110642e+00
-3.934479770945796817e-01
-4.255050568926000559e-02
9.504912922084493565e-02
-3.600311089181522650e-01
-2.523944267952269241e-02
-2.244960750606305178e-01
-1.622733631794934794e+00
-5.932907104498047479e-01
-3.513620216269224272e+00
-3.464815147957957947e-02
-5.833201774234148679e-03
2.080894250776035015e-01
-1.433699337196457479e+00
-6.593033050030728814e-01
6.249501655202763573e+00
-6.241681339556202079e-01
-6.399089646552397204e-01
6.940024138928949426e+00
-1.482021134674685436e+00
7.007353683787501675e-01
6.208766413543116869e+00
-6.390820420743221764e-01
6.774725116103349487e-01
6.991642484840455474e+00
-4.077300993979974808e-01
-4.228052894039890930e-02
1.014226687163258256e-01
-3.738958306690961519e-01
-3.030854983417627380e-02
-2.545166313991931162e-01
-1.534249766382694613e+00
-6.339688126981106731e-01
-3.591671747988326668e+00
-3.807080534737201927e-02
-6.195602191095397025e-03
2.089287577732065193e-01
-7.382054044874505339e-01
5.083296705405441207e-01
5.123164284726779982e+00
-1.125861110547380584e+00
5.012091925941112303e-01
7.625928392888691398e+00
-7.098059649150072481e-01
7.933469298725807084e-01
5.590791708791590153e+00
-1.106235094009754727e+00
8.072126737455360690e-01
8.154654236334014428e+00
-4.203072986403821321e-01
-3.336021133522659027e-02
1.081537044159230909e-01
-3.870045416072935285e-01
-3.572521284078072207e-02
-2.852040641465179993e-01
-1.281254032818439414e+00
-7.752876188669366453e-01
-1.587413976826521189e+00
-4.160820294502359101e-02
-6.518741428299596082e-03
2.098240735596133000e-01
-7.095299843982650900e-01
4.654670902160821799e-01
5.060480789201794671e+00
-1.107420868792747370e+00
4.536279538354115459e-01
7.473147151385091114e+00
-6.731303210527100900e-01
7.609517899071972513e-01
5.821289581972409088e+00
-1.087732776037748650e+00
7.657679690258200056e-01
8.302564252229958086e+00
-4.325348974257227641e-01
-2.500135241265331529e-02
1.154416174544382612e-01
-3.979516435933936891e-01
-4.234931119602465543e-02
-2.987670127762984684e-01
-1.181149867101651374e+00
-8.222102482406170587e-01
-1.656749035623314770e+00
-4.525156729389440136e-02
-6.768063567919253669e-03
2.107792786647573191e-01
-6.762019606695907070e-01
4.432648345770080489e-01
4.957760068726788205e+00
-1.089848616409522686e+00
4.294265264487316935e-01
7.340530814892463951e+00
-6.324898373533641704e-01
7.508989052829510014e-01
6.025068847894645252e+00
-1.070933610673921788e+00
7.508440281595272214e-01
8.481592745528695687e+00
-4.443922318090524071e-01
-1.688644475087816219e-02
1.232335289185325505e-01
-4.080434503265619739e-01
-4.937431897235405182e-02
-3.129223638340397073e-01
-1.081151614590305066e+00
-8.701703697031724083e-01
-1.721761021066891439e+00
-4.899782311231470205e-02
-6.947009342450722810e-03
2.117989051779278487e-01
-6.418231329613652836e-01
4.298317008764097613e-01
4.837631558090500050e+00
-1.072918705788588500e+00
4.153738968444153357e-01
7.213521735920900291e+00
-5.909577143015525280e-01
7.501789968022014587e-01
6.221565376861682317e+00
-1.055719051451187163e+00
7.472453969121307660e-01
8.673737392457175233e+00
-4.558802741176063433e-01
-8.880232022293712071e-03
1.315090454896550021e-01
-4.172808666914515907e-01
-5.680910055397508929e-02
-3.276331807303792809e-01
-9.774292618391684506e-01
-9.184730939195495658e-01
-1.781303008946039546e+00
-5.284381099550040234e-02
-7.057085265728195791e-03
2.128871721675010265e-01
-6.078207219876938794e-01
4.209283809597285653e-01
4.708083702504898049e+00
-1.056473681845396806e+00
4.066348878396369715e-01
7.086661521777262607e+00
-5.497588494065771547e-01
7.543466150694203565e-01
6.417657352536465076e+00
-1.042337264860055290e+00
7.496537493081929515e-01
8.871786836825078737e+00
-4.670093706209831885e-01
-9.118398702330572821e-04
1.402552819442394738e-01
-4.256320737646845931e-01
-6.465658315583579230e-02
-3.428527275231951221e-01
-8.631789268195789733e-01
-9.667941799914767653e-01
-1.835510421377387402e+00
-5.678641989200904766e-02
-7.098917255858583179e-03
2.140481565350444426e-01
-5.746915630047146895e-01
4.147086986898055327e-01
4.572392118583008092e+00
-1.041355438982330517e+00
4.010412052413090955e-01
6.957981996098596689e+00
-5.093974503255447317e-01
7.610031742166376567e-01
6.615815375253221831e+00
-1.030800073437567299e+00
7.553002595126930840e-01
9.072512842214042195e+00
-4.777962064431213185e-01
7.058225904856429804e-03
1.494612320787442605e-01
-4.330071199503566226e-01
-7.291692366223531674e-02
-3.585354253207340691e-01
-7.475008108347444002e-01
-1.014263061654893550e+00
-1.884491987182296713e+00
-6.082265422920208470e-02
-7.072659733575131433e-03
2.152858331173186923e-01
-5.435507380367740060e-01
4.097115284738652718e-01
4.432692964776857814e+00
-1.027564444606090310e+00
3.969198877800417247e-01
6.826949647742717175e+00
-4.711042044671198692e-01
7.695352578489922379e-01
6.817076210437036821e+00
-1.020011444254035338e+00
7.634121414302244002e-01
9.273331647861022375e+00
-4.882617394508401154e-01
1.505401088402981077e-02
1.591160798869240556e-01
-4.393938062127800137e-01
-8.158284085583854262e-02
-3.746366242084214204e-01
-6.306833038745901510e-01
-1.066085348290297663e+00
-1.927662104892874595e+00
-6.494967924635089429e-02
-6.978195675992267775e-03
2.166040835260281683e-01
-5.156521583419210186e-01
4.057759833881156020e-01
4.291346548941160854e+00
-1.017701556888641168e+00
3.939357579747597704e-01
6.694560644276848826e+00
-4.363063214894994379e-01
7.787284013915701797e-01
7.021717977094529495e+00
-1.011978608593727014e+00
7.727117168478883080e-01
9.471556458592386818e+00
-4.984518392122013197e-01
2.308934809922227882e-02
1.692122485776770269e-01
-4.447823975352323544e-01
-9.069153025935108858e-02
-3.911066708610134723e-01
-5.128795440076509005e-01
-1.112844944874932462e+00
-1.963818761610005570e+00
-6.916494567132813742e-02
-6.815246241790569835e-03
2.180067107983623409e-01
-4.940089687103830229e-01
4.023743186477979350e-01
4.152338656508468340e+00
-1.013801515012795473e+00
3.913402117542836844e-01
6.564684809483098071e+00
-4.083101951734934287e-01
7.880444372851447277e-01
7.229211161566230892e+00
-1.009593460938766896e+00
7.826682410371188503e-01
9.663482084196767019e+00
-5.084508104153186991e-01
3.117005537737831469e-02
1.797545362280656978e-01
-4.491644673211430128e-01
-1.001997361121539920e-01
-4.078856418948946239e-01
-3.942466393770734934e-01
-1.155577462440665171e+00
-1.990964075373338860e+00
-7.346646033980072654e-02
-6.583448640665334577e-03
2.194975061007692074e-01
-4.845552243669076775e-01
3.997480172011084187e-01
4.023212312846443872e+00
-1.023120645179461663e+00
3.890329762671001501e-01
6.447414177364929166e+00
-3.934165719601079303e-01
7.967476530614082675e-01
7.437801515584636647e+00
-1.018691155665861325e+00
7.926361099144129119e-01
9.843328019093219083e+00
-5.184295132797387406e-01
3.929771233588651852e-02
1.907822598912231327e-01
-4.525329313140415977e-01
-1.100730508674128971e-01
-4.248965439202033734e-01
-2.749367629204440555e-01
-1.194073536532096469e+00
-2.005249072688314538e+00
-7.785332015858453802e-02
-6.282408480237824944e-03
2.210804490606809170e-01
-4.740429467015338516e-01
3.925490024488971219e-01
3.940034557402513293e+00
-1.072663925399363949e+00
3.813956486611208563e-01
6.373233064084390165e+00
-3.805894664686318984e-01
8.336382109093217752e-01
7.654259979307259876e+00
-1.055977397310540411e+00
8.316111138907780198e-01
9.980050194918030471e+00
-5.286252011497979408e-01
4.763394381272638423e-02
2.024792274309842877e-01
-4.548820054310979688e-01
-1.202752781574648877e-01
-4.420294977159031080e-01
4.107316137872358830e-01
-1.510863633396650973e+00
-2.307318308125371864e+00
-8.232636550645315576e-02
-5.911034154380586346e-03
2.227604725010746134e-01
5.369083165359466392e+00
7.639539178225386307e-01
9.320115550238806890e+00
5.778995928185077346e+00
7.738198609127155958e-01
1.227279160651225176e+01
-4.668089179785858689e-01
5.616092488870769867e-02
1.862205723784240152e-01
-4.491882156140539761e-01
-1.412197108742787033e-01
-4.740148290982327262e-01
1.097320225563425788e+00
-9.577941613896739925e-01
-2.641706874183227249e+00
-8.922599654209650843e-02
-5.191603018356177185e-03
2.254546590454324650e-01
5.094339259525373365e+00
7.844417971553235835e-01
9.664920159121262344e+00
5.444317401261402622e+00
7.991174819661943651e-01
1.253886232003674372e+01
-4.083718923038883175e-01
6.494178732303342028e-02
1.733492310763217470e-01
-4.339765515052528833e-01
-1.544971870205470998e-01
-5.106356407991765600e-01
1.498416724994984017e+00
-4.844570365552001712e-01
-2.508484784599705364e+00
-9.529211841154999751e-02
-4.352206399648664813e-03
2.279469374725213993e-01
4.899343137134228421e+00
8.151302143979014536e-01
1.003692407229983985e+01
5.192113415040693347e+00
8.345653405633696176e-01
1.285255338476070897e+01
-3.524145986516803442e-01
7.408937649762326050e-02
1.642800797583208738e-01
-4.132046643518935691e-01
-1.612130002985905364e-01
-5.454096537299247816e-01
1.859798484422879206e+00
-2.772082019794482322e-01
-2.426886094525029680e+00
-1.005653414025669545e-01
-3.388542690753976183e-03
2.302871402347650698e-01
4.747897969145449260e+00
8.536845099601390041e-01
1.040404906857260592e+01
4.997521314121341263e+00
8.784393458132769839e-01
1.317208671194443070e+01
-2.983760874013925424e-01
8.369403196104756304e-02
1.590184601922316476e-01
-3.874231019691368183e-01
-1.650558147625220407e-01
-5.790525001823926265e-01
2.179557545069728874e+00
-2.525326980619734263e-01
-2.353852308998344522e+00
-1.050761528434146358e-01
-2.294901952879203292e-03
2.325280124325479481e-01
4.628549771928445189e+00
8.978812859710717520e-01
1.075012325011947034e+01
4.832699296438489611e+00
9.287117759948594342e-01
1.347243760315558525e+01
-2.459133047138144512e-01
9.382252073797418823e-02
1.573412783366918977e-01
-3.572088615086037033e-01
-1.685565635964906273e-01
-6.116829116225043217e-01
2.450396572196475109e+00
-3.105350805843621886e-01
-2.308062861263986854e+00
-1.088487741626927158e-01
-1.064485297763503955e-03
2.347207898646063162e-01
4.535212884791953059e+00
9.457503268586000544e-01
1.107241481458294707e+01
4.688584163221674928e+00
9.834337656551733753e-01
1.374314358689690430e+01
-1.947671974256681704e-01
1.045198784805086017e-01
1.589522776834003115e-01
-3.232400996687972983e-01
-1.728613737086266422e-01
-6.436785642259540419e-01
2.669121655222825407e+00
-3.953627599043290641e-01
-2.285393073416400522e+00
-1.119032534177217264e-01
3.102810983758328496e-04
2.369131085664030467e-01
4.464043509369924223e+00
9.961427618347269419e-01
1.137326974576168048e+01
4.564437814262099380e+00
1.042258656029033892e+00
1.398250294309937836e+01
-1.447041190765308294e-01
1.158228481033816148e-01
1.635587741777014548e-01
-2.862392489122220773e-01
-1.783421123078705595e-01
-6.753599555891004469e-01
2.835942224829468117e+00
-4.738041108114237621e-01
-2.274197922626659096e+00
-1.142562236275377618e-01
1.837537889348098618e-03
2.391485224623686734e-01
4.414103170276095334e+00
1.049832220883635925e+00
1.165608253257384064e+01
4.461782723116562543e+00
1.106562086516952093e+00
1.419567489463165977e+01
-9.548718492568446237e-02
1.277800902533167138e-01
1.709155142391882709e-01
-2.469258384877601187e-01
-1.849102485608170865e-01
-7.068861535223668335e-01
2.951551414751800717e+00
-5.252325764960048549e-01
-2.269320242081519279e+00
-1.159210564283926631e-01
3.526017684813993920e-03
2.414668568813898575e-01
4.388515082825466429e+00
1.108824251717352549e+00
1.192857357340410296e+01
4.380172280234013726e+00
1.173028162549227815e+00
1.438645523641512725e+01
-4.686466840854139337e-02
1.404329996844672357e-01
1.808411017706972324e-01
-2.060097890584182412e-01
-1.921913148190660947e-01
-7.383447343216148484e-01
3.016069511759858379e+00
-5.366868243532166849e-01
-2.274508737044991680e+00
-1.169077367555092506e-01
5.385077293481596063e-03
2.439049799246208738e-01
4.391130366538691376e+00
1.170420959623266199e+00
1.219822584755686634e+01
4.319144056519359509e+00
1.244619579676742305e+00
1.456034652120632700e+01
1.433947384161755878e-03
1.538244394695669481e-01
1.932261456655907650e-01
-1.641993538145910259e-01
-1.996311662246205709e-01
-7.698752409234634886e-01
3.029797059294378592e+00
-4.989725039286379005e-01
-2.296827837082557000e+00
-1.172226297291516783e-01
7.424657538475858826e-03
2.464977441661098112e-01
4.424519283791253699e+00
1.237634587334429215e+00
1.247076358269784890e+01
4.279894847001596503e+00
1.321264402374447533e+00
1.472485227559618082e+01
4.970006775786281472e-02
1.680135767375707245e-01
2.080346029339505687e-01
-1.221986196494760785e-01
-2.065482007115916341e-01
-8.017151473200043732e-01
2.993882650439295023e+00
-4.068908924101288793e-01
-2.339798761450909481e+00
-1.168682056302185190e-01
9.655406442616190285e-03
2.492789941356501338e-01
4.489778896877819392e+00
1.310115020300424149e+00
1.275216977957345676e+01
4.265369317034251040e+00
1.405713259581081509e+00
1.488639582420886676e+01
9.824750946501034643e-02
1.830728895146281066e-01
2.252992238660710134e-01
-8.069575101509299242e-02
-2.121887486254352417e-01
-8.341507406073360720e-01
2.910344594724645795e+00
-2.598353506410823188e-01
-2.399233466761974132e+00
-1.158427397769680040e-01
1.208888449796045698e-02
2.522825515403763763e-01
4.587071100455048622e+00
1.390915207964248612e+00
1.304673759118454512e+01
4.279277625828827425e+00
1.497757787679503405e+00
1.505027442810107807e+01
1.474115598604552324e-01
1.990906290970621828e-01
2.451059377567338382e-01
-4.035093342950748369e-02
-2.157907307428614807e-01
-8.674102508902175046e-01
2.781211575262078739e+00
-6.082538361516027364e-02
-2.467663283026672261e+00
-1.141400083663153403e-01
1.473776625626741291e-02
2.555430606886279210e-01
4.716082269371423052e+00
1.480300680600537433e+00
1.335574333672337133e+01
4.325260025467366987e+00
1.600770772683991039e+00
1.522041183894003069e+01
1.975459525002459804e-01
2.161752213094488007e-01
2.675695083805602059e-01
-1.796229678741340357e-03
-2.166339258996861084e-01
-9.016183734058957899e-01
2.607720699675085463e+00
1.842652979699602178e-01
-2.537662749854887601e+00
-1.117490117993566456e-01
1.761608949319139195e-02
2.590965569482461262e-01
4.876067885320980011e+00
1.579732754604092015e+00
1.367758187296672467e+01
4.406445675293819697e+00
1.716744553335872725e+00
1.539823045368608945e+01
2.490176438138225201e-01
2.344542425497210536e-01
2.928036861816812331e-01
3.435344691554094443e-02
-2.140795375797936162e-01
-9.367968675235641696e-01
2.390784719944048398e+00
4.673379896044690951e-01
-2.602092269397732416e+00
-1.086537551742020741e-01
2.073952778152608756e-02
2.629806595827132720e-01
5.065504026316986597e+00
1.690493018387180468e+00
1.400729623023076087e+01
4.525140129924286825e+00
1.847470433030641956e+00
1.558213767992526755e+01
3.021979243959276307e-01
2.540723084507686691e-01
3.208859041743165053e-01
6.749583607706655108e-02
-2.076010380179976744e-01
-9.728685195291791876e-01
2.132498106329778764e+00
7.792135057638438500e-01
-2.654222787997758903e+00
-1.048331265932626460e-01
2.412564133282231807e-02
2.672343130012612700e-01
5.279465632069936909e+00
1.813656042652291633e+00
1.433715114038519900e+01
4.680435271575902334e+00
1.994671615400160469e+00
1.576703433970957668e+01
3.574257397103922096e-01
2.751895483668836406e-01
3.518224281733630665e-01
9.705771223841289097e-02
-1.967991464299176374e-01
-1.009662833818819827e+00
1.837097538270809016e+00
1.134890288822884008e+00
-2.687413778946128318e+00
-1.002610913154890065e-01
2.779410263109420229e-02
2.718970417530957584e-01
5.520117571317914695e+00
1.948009208546451099e+00
1.465253820092708104e+01
4.878050125831418171e+00
2.157748849083599207e+00
1.594379128749611141e+01
4.150837517373305863e-01
2.979560447569915560e-01
3.854878988438019127e-01
1.225245811833322734e-01
-1.810666642032043028e-01
-1.046917260110171721e+00
1.505836400976375389e+00
1.451693056342904020e+00
-2.694607586036701807e+00
-9.490661293682209343e-02
3.176673432463244379e-02
2.770075449167931914e-01
5.776768480504909320e+00
2.093193705538176630e+00
1.494520485325800863e+01
5.111140195083578419e+00
2.336449401512621815e+00
1.610180953835223860e+01
4.754573856174471036e-01
3.225184891084921790e-01
4.216524247812716841e-01
1.433993236930883874e-01
-1.609424867817883797e-01
-1.084271410965454541e+00
1.148472309466995300e+00
1.786395274312229331e+00
-2.667681649687536183e+00
-8.873402435561866808e-02
3.606741608460890119e-02
2.826020592291680900e-01
6.043118332819492622e+00
2.246967703034185693e+00
1.520278663440745603e+01
5.378744287466783014e+00
2.528496122196803420e+00
1.622625137711287735e+01
5.387918029864465774e-01
3.489985150560415694e-01
4.599352780332895407e-01
1.593200861413999747e-01
-1.361784809423377540e-01
-1.121252299509121420e+00
7.882365692664035084e-01
2.117470151575380211e+00
-2.595338277776975566e+00
-8.170398082573598897e-02
4.072188741830934378e-02
2.887125890542861506e-01
6.310036602463855893e+00
2.405287389545716081e+00
1.541421378229931349e+01
5.676276372486822375e+00
2.729434963890306154e+00
1.630282835173276723e+01
6.052561069216828571e-01
3.774706355008232150e-01
4.998151189374465120e-01
1.702470598466233886e-01
-1.068249310434779276e-01
-1.157230323956967677e+00
4.208515420135516272e-01
2.445246246467527751e+00
-2.462912341910184377e+00
-7.377426621707465493e-02
4.575724737921994106e-02
2.953648862744345793e-01
6.567955313995607725e+00
2.565070443731865879e+00
1.557258426673263152e+01
6.000524881093231677e+00
2.934721046296164815e+00
1.631779952703879033e+01
6.749485377336570391e-01
4.079670703629948991e-01
5.406561422400780748e-01
1.760811378420270301e-01
-7.292756625701722617e-02
-1.191372586360377017e+00
7.787613589199994524e-02
2.765974758763511510e+00
-2.254690052624384489e+00
-6.490081136818122431e-02
5.120133481592212266e-02
3.025766822782983145e-01
6.809568251812662787e+00
2.723914586038696406e+00
1.567535825221367851e+01
6.346399842890685150e+00
3.138131184254941530e+00
1.626124641564329210e+01
7.478985986818487142e-01
4.404722112133476197e-01
5.817534610779633297e-01
1.771606999152660344e-01
-3.458408408362843856e-02
-1.222628355405103839e+00
-2.179171424348542163e-01
3.079311727864083803e+00
-1.961307813177386450e+00
-5.503866169135612774e-02
5.708210371582342346e-02
3.103564157442003091e-01
7.030938712435809812e+00
2.882403004248223155e+00
1.572214890368059059e+01
6.706742253895442651e+00
3.332650561908464315e+00
1.612834528464174255e+01
8.240742671405784092e-01
4.749347861339477395e-01
6.223732959017284072e-01
1.741398110138824284e-01
8.103049685805918320e-03
-1.249817096340199329e+00
-4.429886014803279815e-01
3.386625911874009631e+00
-1.587506602016203416e+00
-4.414288006132390668e-02
6.342704449993386007e-02
3.187025535529754983e-01
7.238729777538815746e+00
3.048036655469501532e+00
1.571719863737618361e+01
7.068033100332514529e+00
3.507714144315021265e+00
1.592153080695040224e+01
9.034055042295295879e-01
5.112865328612129501e-01
6.618188917327565424e-01
1.679988563455700468e-01
5.505034377549690439e-02
-1.271823996412391855e+00
-5.779502550225095181e-01
3.693977538705184305e+00
-1.177037921556316702e+00
-3.216923676951569111e-02
7.026281906460070392e-02
3.276036471523542382e-01
7.445349770868259220e+00
3.231174145768804351e+00
1.567921486670912579e+01
7.414173720055903694e+00
3.640897069572976541e+00
1.563436855157250349e+01
9.858018080792206872e-01
5.493922815393444958e-01
6.994615474806643585e-01
1.599869881701082019e-01
1.062583172157987865e-01
-1.288140751097289538e+00
-5.963563024010594127e-01
4.002442497166601498e+00
-7.677892959041451304e-01
-1.907461486000830778e-02
7.761467926157529507e-02
3.370390608849771485e-01
7.686841000246511513e+00
3.420612250100460106e+00
1.565314897000795646e+01
7.706577477160831968e+00
3.710248166554000360e+00
1.523503939618414371e+01
1.071158568475984341e+00
5.889330206283962532e-01
7.347453806372290508e-01
1.517199654607264969e-01
1.617424036147660504e-01
-1.298784273435317660e+00
-4.788694042669412454e-01
4.314497762661520852e+00
-4.332856825416837587e-01
-4.817249753064366952e-03
8.550472888490884271e-02
3.469799484147676472e-01
8.032661001998624428e+00
3.606106286089642676e+00
1.569346023476657059e+01
7.898499715093723061e+00
3.727302946991710719e+00
1.473910545523330562e+01
1.159497118502024859e+00
6.295968962593149199e-01
7.675027785310973849e-01
1.450816116997967475e-01
2.215523738204527027e-01
-1.304790720538412385e+00
-2.555856841268129287e-01
4.685695524288129299e+00
-3.667972379063569321e-01
1.064404591403920498e-02
9.395069902477730384e-02
3.573924486591796845e-01
8.422812926415149448e+00
3.655178625624813549e+00
1.559566968008552656e+01
7.806870048084895153e+00
3.673878590302410707e+00
1.387074337195291207e+01
1.249490979390791123e+00
6.702366398795114311e-01
7.949028440593868261e-01
1.415385413383696278e-01
2.865080940448929692e-01
-1.309875467921586489e+00
2.507781781739126803e-01
4.893717679177598257e+00
-6.974579275912776710e-01
2.734141317580802283e-02
1.029602071875471703e-01
3.682219170294238064e-01
8.835262463377071995e+00
3.334177198643742290e+00
1.557993710634239726e+01
7.174104758201743870e+00
3.358960465100929937e+00
1.204427578706432911e+01
1.338263185761628726e+00
7.073501989992002636e-01
8.120878792222102627e-01
1.450149689277091258e-01
3.543475331750042812e-01
-1.319544018015383013e+00
1.351093632934703415e+00
5.026000536203625302e+00
-9.326202821988248681e-01
4.527785782487465938e-02
1.125086451405784560e-01
3.793604171434168393e-01
1.338263185761628726e+00
7.073501989992002636e-01
7.224239478260360281e-01
1.573640382761084811e-01
4.002854506174339244e-01
-1.328068218423309466e+00
2.772445975609045821e-01
-1.441782433169661037e-01
-1.490985249789551596e-02
5.750965583091345590e-02
1.189738642736619528e-01
3.863731777716072346e-01
1.338263185761628726e+00
7.073501989992002636e-01
6.327600164298617935e-01
1.598980689080970186e-01
3.989676536640905380e-01
-1.328204495283723752e+00
3.152099980783403255e-01
-1.574667593477273309e-01
-1.827706244681369732e-02
6.974145383695226630e-02
1.254390834067454774e-01
3.925664052092534551e-01
1.338263185761628726e+00
7.073501989992002636e-01
5.430960850336874479e-01
1.627791053613591721e-01
3.975283989503724524e-01
-1.328371548626121834e+00
3.142045197833939207e-01
-1.600188623767678231e-01
-1.851023806267601546e-02
8.197325184299104894e-02
1.319043025398289881e-01
3.979400994563555005e-01
1.338263185761628726e+00
7.073501989992002636e-01
4.534321536375131023e-01
1.656509516885416311e-01
3.960658178766920945e-01
-1.328540733206283520e+00
3.131104197204522266e-01
-1.629225640670408370e-01
-1.877577687504868378e-02
9.420504984902984547e-02
1.383695216729124988e-01
4.024942605129133710e-01
1.338263185761628726e+00
7.073501989992002636e-01
3.637682222413388122e-01
1.685127978818580508e-01
3.945766968121930396e-01
-1.328712344825581981e+00
3.119981598877630824e-01
-1.658180576448983201e-01
-1.903673203009687703e-02
1.064368478550686281e-01
1.448347408059959818e-01
4.062288883789270111e-01
1.338263185761628726e+00
7.073501989992002636e-01
2.741042908451644666e-01
1.713644779600282941e-01
3.930611107794669823e-01
-1.328886341589140985e+00
3.108652650838402698e-01
-1.687045800587543554e-01
-1.929280704789755607e-02
1.186686458611074246e-01
1.512999599390795202e-01
4.091439830543964762e-01
1.338263185761628726e+00
7.073501989992002636e-01
1.844403594489901488e-01
1.742058033182961874e-01
3.915191417754390613e-01
-1.329062678892240834e+00
3.097117701278689350e-01
-1.715819715284435665e-01
-1.954393357634410383e-02
1.309004438671462212e-01
1.577651790721630032e-01
4.112395445393217663e-01
1.338263185761628726e+00
7.073501989992002636e-01
9.477642805281581706e-02
1.770365856701546781e-01
3.899508732574334391e-01
-1.329241311505420908e+00
3.085377146615512767e-01
-1.744500487061546867e-01
-1.979004205234597205e-02
1.431322418731850177e-01
1.642303982052465416e-01
4.125155728337029371e-01
1.338263185761628726e+00
7.073501989992002636e-01
5.112496656641493144e-03
1.798566370914241874e-01
3.883563903585833255e-01
-1.329422193563408738e+00
3.073431393092732056e-01
-1.773086278876964406e-01
-2.003106410497570641e-02
1.553640398792238420e-01
1.706956173383300246e-01
4.129720679375397663e-01
1.338263185761628726e+00
7.073501989992002636e-01
-8.455143473953281863e-02
1.826657700292340925e-01
3.867357798910883715e-01
-1.329605278576018845e+00
3.061280858571860941e-01
-1.801575250489463043e-01
-2.026693258884548765e-02
1.675958378852626107e-01
1.771608364714135353e-01
4.126090298508325316e-01
1.338263185761628726e+00
7.073501989992002636e-01
-1.742153661357071504e-01
1.854637973126414818e-01
3.850891303491386086e-01
-1.329790519439353336e+00
3.048925972704031317e-01
-1.829965558502700540e-01
-2.049758160303488327e-02
1.798276358913014072e-01
1.836260556044970460e-01
4.114264585735811219e-01
1.338263185761628726e+00
7.073501989992002636e-01
-2.638792975318814404e-01
1.882505321634069251e-01
3.834165319117982529e-01
-1.329977868447175471e+00
3.036367177100786630e-01
-1.858255356429869276e-01
-2.072294650996030912e-02
1.920594338973401760e-01
1.900912747375805567e-01
4.094243541057854818e-01
1.338263185761628726e+00
7.073501989992002636e-01
-3.535432289280557860e-01
1.910257882069263391e-01
3.817180764458305009e-01
-1.330167277302458206e+00
3.023604925505569141e-01
-1.886442794763842634e-01
-2.094296395402571800e-02
2.042912319033790003e-01
1.965564938706640674e-01
4.066027164474457223e-01
1.338263185761628726e+00
7.073501989992002636e-01
-4.432071603242300761e-01
1.937893794833194794e-01
3.799938575084580994e-01
-1.330358697129101042e+00
3.010639683965718461e-01
-1.914526021052868343e-01
-2.115757188004796160e-02
2.165230299094177691e-01
2.030217130037475781e-01
4.029615455985616768e-01
1.338263185761628726e+00
7.073501989992002636e-01
-5.328710917204044772e-01
1.965411204586760829e-01
3.782439703500548034e-01
-1.330552078483815182e+00
2.997471931004853096e-01
-1.942503179981816541e-01
-2.136670955145078890e-02
2.287548279154565656e-01
2.094869321368310611e-01
3.985008415591335118e-01
1.338263185761628726e+00
7.073501989992002636e-01
-6.225350231165787118e-01
1.992808260364589135e-01
3.764685119167624494e-01
-1.330747371368176335e+00
2.984102157795480159e-01
-1.970372413459041960e-01
-2.157031756822173907e-02
2.409866259214953621e-01
2.159521512699145995e-01
3.932206043291612274e-01
1.338263185761628726e+00
7.073501989992002636e-01
-7.121989545127530574e-01
2.020083115690651243e-01
3.746675808530287588e-01
-1.330944525240841170e+00
2.970530868331776597e-01
-1.998131860708873553e-01
-2.176833788462588515e-02
2.532184239275341864e-01
2.224173704029980825e-01
3.871208339086446015e-01
1.338263185761628726e+00
7.073501989992002636e-01
-8.018628859089271810e-01
2.047233928695451899e-01
3.728412775040603200e-01
-1.331143489029924742e+00
2.956758579602342674e-01
-2.025779658369773195e-01
-2.196071382667065530e-02
2.654502219335730384e-01
2.288825895360816209e-01
3.802015302975839117e-01
1.338263185761628726e+00
7.073501989992002636e-01
-8.915268173051015266e-01
2.074258862234800993e-01
3.709897039181866418e-01
-1.331344211145539358e+00
2.942785821762863852e-01
-2.053313940598175680e-01
-2.214739010931527849e-02
2.776820199396117794e-01
2.353478086691651039e-01
3.724626934959790470e-01
1.338263185761628726e+00
7.073501989992002636e-01
-9.811907487012758722e-01
2.101156084010158687e-01
3.691129638491280618e-01
-1.331546639492488415e+00
2.928613138308505115e-01
-2.080732839178039140e-01
-2.232831285341931385e-02
2.899138179456506315e-01
2.418130278022486146e-01
3.639043235038299517e-01
1.338263185761628726e+00
7.073501989992002636e-01
-1.070854680097450107e+00
2.127923766690561491e-01
3.672111627581645665e-01
-1.331750721483117239e+00
2.914241086245958900e-01
-2.108034483636127276e-01
-2.250342960242354001e-02
3.021456159516894835e-01
2.482782469353321253e-01
3.545264203211366261e-01
1.338263185761628726e+00
7.073501989992002636e-01
-1.160518611493624341e+00
2.154560088036116816e-01
3.652844078161989194e-01
-1.331956404050315568e+00
2.899670236264977330e-01
-2.135217001363023392e-01
-2.267268933875756301e-02
3.143774139577282800e-01
2.547434660684156360e-01
3.443289839478992365e-01
1.338263185761628726e+00
7.073501989992002636e-01
-1.250182542889798576e+00
2.181063231023065985e-01
3.633328079057091542e-01
-1.332163633660669921e+00
2.884901172909286049e-01
-2.162278517739902040e-01
-2.283604249996766533e-02
3.266092119637670765e-01
2.612086852014991467e-01
3.333120143841176164e-01
1.338263185761628726e+00
7.073501989992002636e-01
-1.339846474285972810e+00
2.207431383970414329e-01
3.613564736225848284e-01
-1.332372356327762297e+00
2.869934494746747000e-01
-2.189217156271066334e-01
-2.299344099455862336e-02
3.388410099698059286e-01
2.676739043345825464e-01
3.214755116297918214e-01
1.338263185761628726e+00
7.073501989992002636e-01
-1.429510405682147267e+00
2.233662740668106717e-01
3.593555172778429285e-01
-1.332582517625617191e+00
2.854770814538619694e-01
-2.216031038722237612e-01
-2.314483821754335577e-02
3.510728079758447251e-01
2.741391234676660571e-01
3.088194756849217959e-01
1.338263185761628726e+00
7.073501989992002636e-01
-1.519174337078321502e+00
2.259755500506761550e-01
3.573300528992167102e-01
-1.332794062702286064e+00
2.839410759407824947e-01
-2.242718285264624911e-01
-2.329018906569416472e-02
3.633046059818835771e-01
2.806043426007495678e-01
2.953439065495075955e-01
1.338263185761628726e+00
7.073501989992002636e-01
-1.608838268474495736e+00
2.285707868608933269e-01
3.552801962326131435e-01
-1.333006936293574363e+00
2.823854971006055092e-01
-2.269277014624743738e-01
-2.342944995248890175e-02
3.755364039879223736e-01
2.870695617338330785e-01
2.810488042235492201e-01
1.338263185761628726e+00
7.073501989992002636e-01
-1.698502199870670193e+00
2.311518055961908069e-01
3.532060647434334677e-01
-1.333221082736905316e+00
2.808104105679595786e-01
-2.295705344240005219e-01
-2.356257882274625723e-02
3.877682019939611702e-01
2.935347808669164782e-01
2.659341687070466698e-01
1.338263185761628726e+00
7.073501989992002636e-01
-1.788166131266844427e+00
2.337184279552012856e-01
3.511077776177512488e-01
-1.333436445985314078e+00
2.792158834633763909e-01
-2.322001390420046496e-01
-2.368953516694324857e-02
4.000000000000000222e-01
2.999999999999999889e-01
2.500000000000000000e-01
